winheaders={'Site' 'Trial' 'Amp' 'Freq' 'PW' 'Dur' 'CPP' 'CPT' 'Rating' 'PArea' 'CArea' 'CAreaF'}


% Site Trial Current(mA) Frequency(Hz) Pulse Width(?S)
% Duration(S) Charge perPulse (?C) Charge per Trial (?C) Rating (1-10) Phosphene Area (deg2) Cortical
% Area, Individual V1 (mm2) Cortical Area, Formula (mm2)
    windata=[1 1 5 50 200 1 1 50 NaN 45.0 22.5 20.4
1 2 5 10 1000 1 5 50 NaN 15.0 4.1 4.7
1 3 5 50 1000 1 5 250 NaN 61.6 74.4 74.3
1 4 2 10 1000 1 2 20 NaN 35.3 14.5 14.1
1 5 2 50 1000 1 2 100 NaN 6.9 0.0 2.9
1 6 2 10 200 1 0.4 4 NaN 0.5 0.0 0.2
1 7 5 10 200 1 1 10 NaN 26.1 9.3 9.1
1 8 2 50 200 1 0.4 20 NaN 23.0 7.8 7.7
1 9 2 10 1000 1 2 20 NaN 32.3 11.1 12.2
1 10 2 50 200 1 0.4 20 NaN 4.6 0.0 1.7
1 11 2 50 1000 1 2 100 NaN 127.9 43.2 45.3
1 12 5 50 1000 1 5 250 NaN 124.1 74.9 82.0
1 13 5 10 1000 1 5 50 NaN 25.0 13.5 11.7
1 14 2 10 200 1 0.4 4 NaN 9.2 2.9 3.6
1 15 5 10 200 1 1 10 NaN 106.1 42.1 44.7
1 16 5 50 200 1 1 50 NaN 167.4 69.1 76.2
1 17 2 100 200 1 0.4 40 NaN 108.1 40.1 43.9
1 18 5 100 200 1 1 100 NaN 286.3 153.8 146.7
2 1 2 50 400 0.5 0.8 20 NaN 10.0 48.0 36.3
2 2 4 50 1000 0.5 4 100 5 4.6 55.0 37.0
2 3 4 10 1000 0.5 4 20 2 1.6 4.5 5.5
2 4 2 50 1000 0.5 2 50 6 5.9 28.6 20.4
2 5 4 10 400 0.5 1.6 8 NaN 7.3 27.4 20.8
2 7 4 50 400 0.5 1.6 40 6 10.0 46.4 35.2
2 9 4 100 400 0.2 1.6 32 6 5.3 14.1 12.6
2 10 2 10 1000 0.5 2 10 2 1.9 11.1 8.5
2 11 2 10 400 0.5 0.8 4 1 2.2 12.0 8.4
2 12 4 10 1000 0.5 4 20 2 3.4 23.3 20.2
2 13 2 50 400 0.5 0.8 20 5 5.4 27.7 19.9
2 14 2 100 400 0.5 0.8 40 5 4.0 20.1 16.0
2 16 2 10 1000 0.5 2 10 1 3.3 23.7 17.9
2 17 4 10 400 0.5 1.6 8 1 2.4 20.0 16.7
2 18 2 10 400 0.5 0.8 4 1 2.8 18.0 15.5
2 19 2 50 1000 0.5 2 50 5 4.7 18.9 15.4
2 21 4 50 400 0.5 1.6 40 4 4.8 22.9 17.5
2 22 2 50 1000 0.2 2 20 4 3.9 19.4 14.5
2 23 2 100 400 0.2 0.8 16 4 6.4 29.5 22.0
2 24 4 50 1000 0.2 4 40 4 6.0 26.2 19.6
2 25 4 100 400 0.2 1.6 32 5 4.2 21.5 15.9
3 2 5 10 1000 1 5 50 2.5 0.6 11.9 7.1
3 3 5 50 1000 1 5 250 10 13.3 235.3 159.1
3 4 5 5 1000 1 5 25 1 0.3 0.0 5.8
3 5 5 100 1000 1 5 500 10 15.2 200.3 123.9
3 6 5 100 200 1 1 100 7 NaN NaN NaN
3 8 5 50 200 1 1 50 8 7.2 75.0 45.0
3 9 5 10 200 1 1 10 1 NaN NaN NaN
3 11 5 5 200 1 1 5 1 2.0 25.4 16.5
3 12 1 5 200 1 0.2 1 1 NaN NaN NaN
3 13 2 100 200 1 0.4 40 8 4.4 58.7 33.3
3 14 2 50 200 1 0.4 20 7 2.2 39.9 24.4
3 15 2 10 200 1 0.4 4 1 2.9 69.9 41.5
3 16 2 10 1000 1 2 20 2 1.2 17.6 10.7
3 17 2 100 1000 1 2 200 10 20.8 294.0 194.5
3 20 2 5 1000 1 2 10 1 0.6 8.6 5.7
3 21 2 50 1000 1 2 100 8 6.7 81.1 49.5
4 1 2 50 200 1 0.4 20 NaN 0.2 13.7 10.5
4 2 2 10 200 1 0.4 4 NaN 0.1 7.8 5.0
4 3 2 10 200 1 0.4 4 NaN 0.02 0.0 1.3
4 4 2 50 200 1 0.4 20 NaN 0.1 10.0 8.7
4 5 2 100 200 1 0.4 40 NaN 0.5 21.3 21.1
4 6 2 10 1000 1 2 20 NaN 0.02 0.0 1.6
4 7 2 50 1000 1 2 100 NaN 0.5 14.8 13.8
4 8 2 10 1000 1 2 20 NaN 0.04 0.0 3.2
4 9 0.2 50 200 1 0.04 2 NaN NaN NaN NaN
4 10 2 50 1000 1 2 100 NaN 0.3 20.7 18.7
4 11 5 10 200 1 1 10 NaN 0.1 5.1 3.2
4 12 5 50 200 1 1 50 NaN 0.6 27.0 25.9
4 13 5 100 200 1 1 100 NaN 1.2 42.0 52.7
4 14 5 10 1000 1 5 50 NaN NaN NaN NaN
4 15 5 50 1000 1 5 250 NaN 1.9 79.9 78.5
4 16 5 10 200 1 1 10 NaN 0.01 0.0 1.1
4 17 5 50 200 1 1 50 NaN 0.6 45.0 63.2
4 18 5 100 200 1 1 100 NaN 1.2 46.4 48.3
4 19 5 10 1000 1 5 50 NaN 0.02 0.0 1.0
4 20 5 50 1000 1 5 250 NaN 1.4 67.4 78.4
5 1 1 50 200 1 0.2 10 NaN NaN NaN NaN
5 2 3 50 200 1 0.6 30 8 0.1 7.2 5.5
5 8 3 20 1000 1 3 60 9 0.1 14.1 12.8
5 9 3 100 1000 1 3 300 10 0.2 37.2 26.1
5 11 3 10 1000 1 3 30 3 0.1 13.4 10.1
5 12 3 50 1000 1 3 150 9 0.1 11.2 7.8
5 13 5 50 1000 1 5 250 9 0.4 62.0 47.2
5 14 5 50 1000 1 5 250 NaN NaN NaN NaN
5 16 5 10 1000 1 5 50 5 0.1 16.5 10.9
5 17 5 20 1000 1 5 100 9 0.2 30.3 31.7
5 18 4.84 100 1000 1 4.84 484 9 0.7 74.6 54.4];